0 5.0830634719507695E-12 2.231897401215726E-5 1.598296285473564E-7 2.164791798413129E-12 8.600306975833173E-11 3.928202691448239E-12 0 1.3982229036229415E-9 0 0 0 0 5.934934661450113E-7 9.752212384973726E-8 5.464767677125268E-10 5.1237949723519955E-11 0 0 0 0 1.6442326092916595E-7 1.1468188291209914E-10 1.5185346115948135E-6 6.982550880378672E-8 1.2152394256050029E-9 0 1.077360785187032E-9 8.275497525611747E-5 7.16338771813137E-11 5.054646351280895E-11 0 4.757325228597081E-11 3.023493657456472E-6 3.0354411225783495E-10 0 2.5957529838105257E-11 1.3107668769331715E-6 1.1013792831864772E-11 2.37486499414601E-7 0 4.072802356029325E-11 0 0 1.2774626435034331E-9 2.4162810523712552E-5 0 1.1599271564230759E-8 0 2.537176320613519E-9 0 0 1.8607686767070397E-5 3.330107040085418E-12 9.049327082608596E-10 4.0300489246716096E-7 0 1.3628842311469395E-10 2.3086491764705654E-9 0 1.59124345439147E-5 8.113757351698981E-7 2.7783071673192006E-11 3.30827641709825E-12 0 0 2.3735158892472525E-7 0 0 0 2.0825977856298463E-7 1.5319841222004252E-7 4.487991442197752E-7 0 0 0 0 0 8.995424268034958E-11 1.3998582558896355E-7 2.9547793271243924E-6 0 0 4.2019329380185873E-4 3.1323728937614435E-8 1.311144928172109E-10 0 6.475910064282906E-11 7.197676112627146E-7 8.070265350634831E-10 6.164289884835551E-10 0 0 0 3.785420720990116E-11 7.716381050404663E-10 1.6215450708483833E-11 0 1.3242037837332796E-6 3.137156392326942E-7 2.549619382107678E-7 1.8998806096349638E-7 4.918947150997375E-7 0 1.0914241848327166E-7 0 1.8577096208135072E-12 0 3.59870624488817E-7 4.154389166171119E-7 1.5323364853892475E-10 0 0 1.0238536174447221E-11 1.947805881272959E-4 0 2.4814192821038143E-11 0 0 2.488358598305007E-10 1.9756472191110016E-11 2.3853307498568722E-11 4.4105025159432504E-10 1.226071071046188E-9 2.2465908876647717E-11 0 2.647613076397355E-10 0 1.5263534493474023E-9 0 3.022290692027399E-11 0 1.5326238355350088E-12 3.147151114746276E-7 1.5003619567333878E-10 1.9996016957871746E-9 0 8.661636477235409E-6 0 3.6285987025685686E-10 1.436549113613698E-10 1.5511813716750594E-10 0 8.308565198519218E-10 4.34052696648839E-8 0 2.738369738952073E-7 5.554549665206561E-5 4.006927989396357E-10 0 1.585029166007967E-11 6.158826832435604E-7 2.0586608661560237E-12 0 6.0191251536084894E-12 6.0969662443879215E-12 9.398191643254202E-12 2.8366056010956905E-11 1.4545351122157125E-11 6.942178299608202E-12 2.770557203504956E-10 0 5.612613768292266E-11 0 0 0 0 0 1.2647593974386758E-12 4.6771138449622344E-7 1.3185427160596414E-10 2.5833721516822435E-6 3.0829878625842097E-9 0 0 0 2.1518519859375535E-8 2.3463418625822707E-8 1.0547610365718761E-4 4.894712842761249E-10 4.275926726133309E-12 1.3015724203400173E-9 0 0 0 
5.0830634719507695E-12 0 1.5992624107540298E-11 2.420718976904064E-12 0 0 0 0 8.41569191101535E-12 0 0 0 0 5.157153383461396E-8 4.9066343624345786E-12 8.637382488402461E-12 0 0 0 0 0 5.8803200954407434E-12 0 1.898803247135535E-11 9.942300231078715E-12 0 0 8.954999659262235E-12 2.3223686478752548E-11 1.8515320978197396E-12 0 0 2.3302724973825874E-12 0 3.618556077197062E-12 0 0 3.269033025286822E-11 0 3.5599305469820054E-12 0 0 0 6.123821595397273E-11 0 8.0230537362248E-12 0 0 0 5.564051746683949E-12 0 0 4.09502632368202E-12 0 1.2116305742529657E-8 0 0 0 0 0 2.930542724476662E-12 2.787604048041699E-11 0 0 0 0 1.7738679821566702E-12 0 0 0 8.314416504901609E-12 0 3.1030783766266434E-12 0 0 0 0 0 0 1.6049741287686504E-11 2.2966674904200682E-12 0 0 1.99819436820877E-11 2.3995864295130302E-12 2.354460517334329E-12 0 0 6.6701313509497895E-12 3.808029874756154E-12 3.6263416820317697E-12 0 0 0 0 0 0 0 1.3097799925970839E-8 1.503439237475347E-11 1.3110053225802232E-8 3.538669901865723E-12 1.3212954822327737E-11 0 3.013100369561421E-12 0 0 0 1.5890526581936333E-11 9.747211268426772E-12 0 0 0 0 1.9706744407790355E-11 0 0 0 0 1.0781424734992962E-12 0 0 3.1996109770832444E-12 4.061680813333428E-12 0 0 4.844110682878895E-12 0 2.556245766961639E-12 0 0 0 0 1.381685075236958E-12 0 5.017399024268472E-12 0 3.258392715900977E-12 0 9.77114477960339E-12 0 5.65549271884993E-12 0 0 0 0 0 2.70552644622326E-12 1.0108473527822469E-11 0 0 4.336591751061513E-11 0 0 0 0 0 0 0 0 8.055697976013126E-12 0 2.9390418527381296E-12 0 0 0 0 0 4.110425629779352E-12 2.3636772488279526E-11 1.0959711879299672E-8 2.5256595188650708E-11 7.607843151827435E-12 0 0 0 0 0 3.251194683408842E-11 8.77634521098098E-12 0 7.026321956247534E-12 0 0 0 
2.231897401215726E-5 1.5992624107540298E-11 0 1.0199516298174952E-6 1.386914868380274E-11 1.3614521962127962E-10 1.1882066240468835E-11 0 3.4955377784693E-7 0 0 0 0 7.539316555194768E-7 3.396496063161983E-7 9.742801692205481E-10 1.9019802099574024E-10 0 0 0 0 1.8739670067811593E-7 4.9158965656972746E-8 6.893341019818613E-6 1.376645097315052E-4 2.390765732485803E-10 0 1.1482594787316267E-6 9.241139528864495E-5 4.429179781634541E-8 6.00782502302472E-8 0 3.314005215655263E-8 1.5444630083087237E-6 0 3.2332653719695557E-12 4.500205550527604E-11 4.8703487504328675E-6 6.153572270616858E-8 7.047961991181042E-7 4.462662918295274E-12 3.261573247301715E-10 0 1.2140006867201434E-5 7.009909860763888E-7 5.620633564542942E-5 0 6.45976415183411E-11 0 2.07868408405511E-6 0 0 2.0958777395180772E-5 2.3755884150821673E-12 3.149317477178904E-7 4.211320026478168E-7 0 2.847191913003227E-10 8.161839820046713E-9 0 7.013168101503436E-5 8.35646932429182E-6 1.9688240550133836E-10 1.807709705591462E-11 0 0 2.4369729344213595E-6 0 0 0 2.6017376582721555E-6 1.632377025523163E-7 7.226389908731074E-7 0 0 0 0 0 1.3777150422763157E-10 3.898162615229832E-7 8.169881560575589E-6 0 0 3.3936825156566166E-6 9.851906689330913E-8 2.898942691367054E-9 0 3.296783345177879E-8 1.889584656594893E-6 1.451110314785472E-7 6.252344506050612E-7 0 0 0 2.094766898896082E-10 5.698049143756961E-7 8.219569699138601E-8 0 1.1360380671565674E-5 4.8689561872336726E-6 5.298798141746033E-6 4.3322553102493036E-7 5.743149586520409E-7 0 5.17322777757726E-7 1.782252618561513E-12 7.477223176433084E-11 0 3.35245100716063E-6 2.3511409540461226E-6 5.056961715776384E-10 0 0 9.568279237168853E-12 7.915408582348237E-4 0 1.866823291666091E-10 0 0 5.538253244122588E-10 1.249350765068689E-7 4.8541811496741487E-11 2.2362549566404407E-7 7.827040894202865E-7 2.4771253802144438E-8 0 1.9698197427065074E-7 0 1.5926728915114049E-6 0 4.2751840781921394E-10 0 0 5.315234035971672E-10 2.8935192166179453E-7 1.4942542931819206E-6 0 6.732482129982853E-5 0 1.056106076187569E-9 2.9494943139721987E-10 5.1736426416939995E-8 0 5.470600328789565E-7 9.272331096570025E-8 0 6.314919856702555E-7 1.27532997876975E-5 4.5969757315382717E-7 0 7.759757088877025E-11 8.438610362063224E-7 2.1094096892861336E-11 0 3.742190093191245E-8 1.609478375722785E-11 1.8497971219011676E-8 2.5530488170692117E-10 3.771640097274294E-11 2.052198678527715E-11 1.823400029761537E-9 0 2.6892184090951614E-11 0 0 0 0 0 2.6762102966433585E-11 9.56387906937565E-7 1.989413875849767E-7 4.86633573051239E-6 3.639902022049616E-6 0 0 0 3.063388631136773E-8 2.4362698315945097E-8 0 2.285821525693162E-7 8.554977332602768E-12 4.805964843714946E-7 1.342479403616382E-11 0 0 
1.598296285473564E-7 2.420718976904064E-12 1.0199516298174952E-6 0 9.812981326942418E-9 7.305222814654071E-11 1.8614111545129752E-11 0 1.590532333700891E-7 0 1.6345344838523004E-12 0 0 2.6166823994182577E-6 1.2016345716636761E-9 2.951998301773306E-9 1.329150121117929E-10 0 0 0 0 8.98764465468965E-8 9.790159945405277E-8 8.828969533849835E-7 2.3168979459284228E-7 7.622424864242917E-10 0 5.2903118826455E-7 1.821261102200904E-7 1.5037698109095547E-10 3.070575900624036E-8 0 6.674170551549944E-8 4.884108921633397E-11 8.957137060118672E-8 0 3.0675282452560465E-8 8.92573928499525E-7 4.015720548804693E-12 3.9228479313426863E-7 1.6011115950870766E-8 1.1499614994643516E-10 0 4.681961629212765E-6 4.388529833638717E-7 1.0791590763804964E-7 0 1.903847912948472E-8 0 1.7237630701550424E-6 0 0 8.23051345065114E-8 0 1.439395776373736E-7 7.694360019734936E-10 0 2.0942618010618718E-10 8.001149578938807E-11 0 5.161076341213613E-10 8.901725956964477E-7 1.176791769694198E-10 2.4598935313109107E-11 0 0 2.90414817665988E-6 0 0 0 3.3002350226944785E-6 1.6383196742629204E-7 7.932040701755898E-10 0 0 0 0 0 1.6937005861749627E-10 4.755918217679882E-10 1.1101310429439722E-6 0 0 1.083690780879818E-6 3.33795496474346E-8 1.9081259334745543E-9 0 3.334842763092324E-8 2.440937758697731E-6 5.224280716180252E-7 7.121737828145985E-7 0 0 0 2.3037176158091421E-10 6.755239419898416E-7 1.0860768896815692E-10 0 1.0221804593733311E-5 4.2597187146515E-6 6.327140429060726E-6 2.0710942439017557E-7 2.168475690767507E-7 0 3.5948895227450613E-7 1.2793245489643358E-12 3.185978043627037E-11 0 1.8268380997240347E-6 2.8494419823258267E-6 8.503720951485802E-8 0 0 1.7979725072426117E-11 1.2050713889722116E-6 0 1.1161662356057974E-10 0 0 5.828768638456236E-7 2.652918736401378E-11 9.250609295751436E-11 4.188296246576194E-7 2.2278928799317506E-6 1.483892754877361E-11 0 2.8386517763439834E-10 0 1.1017420518762623E-6 0 2.3501570069797397E-10 0 0 8.582292732020003E-8 1.8877437373046128E-7 3.035007908113481E-6 0 7.630889697509469E-8 0 4.1457493810159395E-10 5.414581032271891E-8 5.137410801952542E-8 0 5.076440413243648E-7 4.658741082831989E-8 0 1.9993622195654198E-7 1.0273888660871368E-7 2.1613201483916845E-7 0 1.0995249010564606E-7 7.064930787374E-7 7.639154666494825E-12 0 2.9692709606944695E-11 2.1987976874986587E-8 2.95027637032739E-11 6.673611917940525E-8 6.954390797162107E-11 2.620879834587707E-11 1.1039829307816588E-7 0 9.680347101656558E-12 0 0 0 0 0 1.578242947717863E-11 6.921202236533512E-7 6.538951362036895E-8 4.881524334395014E-7 2.461223362312596E-6 0 0 0 1.6725574240951278E-10 5.879200482866884E-11 2.4134239070395095E-6 4.2852675649483127E-7 0 8.004665135771751E-7 1.7440967443244285E-11 0 0 
2.164791798413129E-12 0 1.386914868380274E-11 9.812981326942418E-9 0 3.519098904935136E-12 0 0 1.3111580453405952E-11 0 0 0 0 3.495581745795186E-11 2.7044964602865968E-12 8.940436682344916E-11 0 0 0 0 0 2.8197826891061082E-11 1.9486646746470635E-12 4.170686770588669E-11 6.523458429376621E-12 4.12869135867764E-12 0 2.712789006643322E-11 5.3415067845215735E-12 1.784006891513236E-12 1.5388944354979812E-12 0 0 0 2.611757613240438E-12 0 0 1.0564353163679062E-11 0 7.993427095646368E-12 0 5.547283649829491E-12 0 1.6149986467802497E-10 5.794695407653369E-12 6.322457300122015E-12 0 0 0 8.185932951849545E-11 0 0 3.701417576816603E-12 0 1.1044124650580498E-11 1.679613158424021E-11 0 6.337819837175237E-12 0 0 2.8754484809593393E-12 2.8337594244574233E-11 0 0 0 0 1.5832892127728433E-11 0 0 0 4.479582832772619E-11 0 4.793347749153481E-12 0 0 0 0 0 0 0 5.1625400721895437E-11 0 0 5.438980878671709E-11 0 1.985265532703535E-12 0 1.2261863141014973E-12 3.7084311143742167E-10 7.77719356127031E-12 5.318368229529319E-12 0 0 0 0 5.6729990560389314E-12 0 0 9.839370523784527E-9 5.4035971915427254E-11 9.809157116152534E-9 4.8890004967891645E-12 2.279756439732358E-12 0 2.8594350131423895E-12 0 0 0 9.816432565547753E-12 1.9746207424985185E-11 1.47402351232773E-12 0 0 0 1.7043690398271604E-11 0 0 0 0 3.3665957170101903E-11 0 0 1.8618238094700536E-12 4.055527166155034E-12 2.863390511607171E-12 0 1.061149053609255E-12 0 9.301821199697375E-12 0 0 0 0 3.838528334699736E-12 3.883634421212235E-12 2.280396432005619E-11 0 1.162885912819226E-12 0 4.118257481969432E-12 0 1.4267603625981038E-12 0 7.104165982968969E-12 2.3898647212787866E-12 0 2.115896680606684E-12 1.4929585439032622E-12 3.3358904344199527E-12 0 3.96485958003518E-12 2.3024214631228558E-11 0 0 0 0 1.2107706078279268E-12 0 0 0 0 0 1.0222800429513058E-12 0 0 0 0 0 0 4.24381854701718E-12 0 7.829317857381405E-11 1.8425733953551464E-11 0 0 0 5.05820387260166E-12 0 4.712457607061551E-11 1.901387837476581E-12 0 6.179771791687516E-12 0 0 0 
8.600306975833173E-11 0 1.3614521962127962E-10 7.305222814654071E-11 3.519098904935136E-12 0 0 0 5.4049533415835906E-11 0 0 0 0 5.992898788130198E-10 4.9411864893484803E-11 2.056788775593735E-11 0 0 0 0 0 9.17948891626888E-11 2.2660650883119383E-11 4.4961562957081144E-8 4.3536963716433734E-11 6.254349208011061E-10 0 7.053545246065332E-8 7.381340432999033E-11 0 0 0 0 0 2.159506973859557E-11 0 0 3.1551080602275304E-10 5.76048882396292E-12 2.949001673596036E-11 0 2.1986265139742603E-12 0 3.5146273687622086E-10 3.0156026392155474E-11 1.2999140158568546E-11 0 1.1659282983103912E-12 0 4.282439831736176E-11 0 0 3.712770740609987E-12 0 7.695666604589964E-11 9.901172097379211E-11 0 1.5311776470392787E-11 0 0 1.1919009769855462E-11 3.689399845330938E-10 4.54886974709088E-12 0 0 0 7.891185831122865E-11 0 0 0 8.131939689247724E-11 5.986469697635567E-12 3.211713357630944E-8 0 0 0 0 0 3.2029211098015954E-11 1.047118023231928E-10 6.054882907781571E-7 0 0 1.4838231441257263E-10 7.72142085694307E-12 2.2397337823501855E-11 0 1.0510489896451421E-12 8.504693222119481E-10 1.2480671152504061E-11 2.1779549283972406E-11 0 0 0 1.4970564518329889E-12 2.8898457826009848E-11 1.9506638862852408E-11 0 3.901205392402981E-8 5.493622003381835E-8 3.889310625809198E-8 8.617300776971349E-11 5.7616299772189335E-11 0 6.213525301311837E-11 0 0 0 3.738647302224028E-8 9.314251314783792E-11 3.677515391893068E-12 0 0 0 1.7365770707425561E-10 0 0 0 0 2.5427272622877797E-10 1.2254071219418054E-11 0 1.1356884635463326E-11 4.389647698352417E-11 1.287509276008008E-12 0 2.7782691251627246E-11 0 3.302299191700823E-11 0 0 0 0 5.3627519042542367E-11 3.207657832385625E-11 1.3285273631927959E-11 0 6.535118131506248E-12 0 3.5420659313182706E-12 2.5765782692127102E-11 2.6627860512707247E-8 0 5.99149822411025E-11 0 0 2.0405334727181735E-11 2.052957016420269E-11 1.9859765827903213E-11 0 1.014222241432114E-12 7.252329845037998E-11 0 0 1.602798787790469E-11 0 1.5918126344123032E-12 0 0 0 9.971813096214339E-12 0 0 0 0 0 0 0 0 9.179288593949012E-11 1.6912079611491663E-12 1.075307514729748E-7 1.1388920243463727E-10 0 0 0 1.1458718065354984E-11 1.1054536085239817E-12 2.441929777076336E-10 4.991727538736439E-12 0 7.708936770285612E-11 0 0 0 
3.928202691448239E-12 0 1.1882066240468835E-11 1.8614111545129752E-11 0 0 0 0 1.1192561134917146E-11 0 0 0 0 2.385782534377156E-12 0 2.1880415046371718E-12 1.3490296872807919E-11 0 0 0 0 0 1.0530631886831524E-12 2.099895804935046E-11 0 0 0 7.872563404604742E-12 0 5.152838421601194E-12 7.350344112370983E-12 0 1.5546142328344058E-11 0 2.0668120909117825E-12 0 0 1.4350796548138959E-8 0 1.2568839515537025E-12 0 7.485509291978471E-11 0 2.320224963221645E-11 9.026522693319559E-9 1.106971316789947E-11 0 0 0 4.154442396647732E-11 0 0 0 0 1.7852465273892321E-12 9.439596997548069E-11 0 3.818810202174429E-11 1.3046207245395344E-12 0 9.373953588093675E-12 9.118038493075364E-12 1.540935344681403E-11 0 0 0 5.858501984603719E-11 0 0 0 1.2858514367294266E-11 8.34941513245061E-12 3.812846812730894E-12 0 0 0 0 0 0 0 2.76330008805879E-12 0 0 1.490991878634783E-8 0 1.9393216848138574E-12 0 0 2.453074529989669E-12 8.217695056225506E-12 9.737298311670541E-9 0 0 0 0 2.625635764792231E-12 2.8457482611531305E-12 0 9.756514808665639E-9 1.395823946025059E-8 9.802310458778814E-9 5.532947512476858E-12 0 0 1.42523840070701E-12 0 0 0 8.437495432951088E-12 9.64152666069383E-9 7.320760733623037E-12 0 0 0 1.6366986357906093E-11 0 0 0 0 0 0 0 5.022157855449681E-12 9.69545154987425E-9 0 0 3.220406048837802E-12 0 9.280897609961156E-9 0 9.607198201843724E-12 0 2.719112410653281E-12 0 6.429320255508993E-12 7.647912615918013E-12 0 3.165937748385182E-12 0 8.50709260463119E-12 0 4.324363583255198E-12 0 1.2954048742831386E-8 2.924309795998109E-12 0 8.947493030041606E-9 8.217124985344309E-9 8.184392819873945E-12 0 2.4820460267112958E-12 5.001275530532679E-11 0 0 1.1883406293975235E-12 0 0 0 0 6.393897420308297E-9 3.0549666400273005E-12 0 0 0 0 0 0 0 0 1.6255005467715493E-11 2.1719114402698735E-12 1.902501288640146E-11 2.8777851041397385E-8 0 0 0 0 1.75381458216768E-12 2.403170422638937E-8 4.652709274449687E-12 0 4.586308385134441E-12 2.584629327538728E-12 0 0 
0 0 0 0 0 0 0 0 0 0 0 0 0 0 0 0 0 0 0 0 0 0 0 0 0 0 0 0 0 0 0 0 0 0 0 0 0 0 0 0 0 0 0 0 0 0 0 0 0 0 0 0 0 0 0 0 0 0 0 0 0 0 0 0 0 0 0 0 0 0 0 0 0 0 0 0 0 0 0 0 0 0 0 0 0 0 0 0 0 0 0 0 0 0 0 0 0 0 0 0 0 0 0 0 0 0 0 0 0 0 0 0 0 0 0 0 0 0 0 0 0 0 0 0 0 0 0 0 0 0 0 0 0 0 0 0 0 0 0 0 0 0 0 0 0 0 0 0 0 0 0 0 0 0 0 0 0 0 0 0 0 0 0 0 0 0 0 0 0 0 0 0 0 0 0 0 0 0 0 0 0 0 0 0 0 
1.3982229036229415E-9 8.41569191101535E-12 3.4955377784693E-7 1.590532333700891E-7 1.3111580453405952E-11 5.4049533415835906E-11 1.1192561134917146E-11 0 0 0 0 0 0 5.927725184170164E-7 6.709941729150252E-10 6.099298970890577E-10 2.474082450284709E-10 0 0 0 0 9.653156183927242E-10 2.3224430355611658E-10 1.4353274120216702E-6 1.095249752943529E-7 4.362299861671156E-7 0 1.763369795644303E-9 8.934266087737455E-7 1.0483864780131881E-10 3.205105803961491E-8 0 5.084722360496572E-11 5.799871465609532E-12 8.703869624094446E-8 0 3.903406936573248E-11 2.043419586218693E-6 3.3257238382425325E-11 2.457188752938256E-7 0 3.962032693886825E-10 0 1.609319338492549E-6 1.0410810751164375E-7 1.0267794840481315E-7 0 6.329790418875702E-11 0 4.667077183209437E-9 0 0 4.4640638794136227E-10 0 1.301822556234449E-7 4.4829321399244135E-7 0 2.522268522182815E-10 6.48568136568787E-11 0 6.943246980558638E-8 8.558603931717528E-7 1.576108749944184E-10 6.462584097994927E-12 0 0 2.5435875257391015E-9 0 0 0 4.785816169638971E-9 8.43672509129289E-8 9.47674791117892E-8 0 0 0 0 0 9.270134662464662E-11 3.3691068293840936E-10 1.024256015771189E-6 0 0 1.4387504700664427E-6 3.4783527929783024E-8 9.317731855010128E-10 0 1.2966929215014833E-10 7.156167299667939E-9 1.2129781144767553E-7 1.4446639136849353E-9 0 0 0 7.729875404100224E-11 3.059351541217266E-7 4.274320727141701E-8 0 3.102709979107548E-6 2.986374035662285E-7 1.1375995993128445E-6 1.0062311109592004E-7 1.0321713760442251E-7 0 1.1294952151383025E-7 0 2.857843196521407E-10 0 3.514222904977336E-7 9.837725418451195E-7 3.7317765853423794E-10 0 0 1.3779448218225927E-12 5.114592653301624E-7 0 7.365474203520682E-11 0 0 6.164126861122357E-11 3.434153118895479E-11 2.4508601047067627E-12 7.11796573241883E-10 3.066019959025313E-7 6.454476303106795E-12 0 6.95138326177998E-8 0 1.436114034190266E-7 0 1.546152519060058E-10 0 1.1677320151998489E-11 5.205831049802654E-10 9.431230854694125E-8 1.4843567881712009E-9 0 7.507993117004599E-8 0 5.528109212174256E-10 6.427005711787218E-11 5.234188285168234E-8 0 1.5876587456454684E-9 4.773764450245668E-8 0 9.648572549300914E-8 5.078035336313684E-10 1.030434916601136E-7 0 4.451638267819114E-11 5.9136977799281E-7 1.8400665866051796E-11 0 5.507855409687086E-12 1.4281251640407739E-12 5.325828014955087E-11 9.576245345549377E-11 4.1928676521880846E-11 3.441302134004317E-11 1.3097867383413764E-10 0 3.1755493509771222E-12 0 0 0 0 0 1.5393876080979805E-12 4.7412399511523047E-7 2.1898057949040272E-10 1.2982677848374646E-6 2.660458501453578E-7 0 0 0 1.7294996176990883E-10 2.8251640047373955E-11 8.40469857458971E-7 9.7138351684572E-10 3.0793143124177482E-12 3.4453098481257924E-7 1.8730935940097997E-11 0 0 
0 0 0 0 0 0 0 0 0 0 0 0 0 0 0 0 0 0 0 0 0 0 0 0 0 0 0 0 0 0 0 0 0 0 0 0 0 0 0 0 0 0 0 0 0 0 0 0 0 0 0 0 0 0 0 0 0 0 0 0 0 0 0 0 0 0 0 0 0 0 0 0 0 0 0 0 0 0 0 0 0 0 0 0 0 0 0 0 0 0 0 0 0 0 0 0 0 0 0 0 0 0 0 0 0 0 0 0 0 0 0 0 0 0 0 0 0 0 0 0 0 0 0 0 0 0 0 0 0 0 0 0 0 0 0 0 0 0 0 0 0 0 0 0 0 0 0 0 0 0 0 0 0 0 0 0 0 0 0 0 0 0 0 0 0 0 0 0 0 0 0 0 0 0 0 0 0 0 0 0 0 0 0 0 0 
0 0 0 1.6345344838523004E-12 0 0 0 0 0 0 0 0 0 5.002088847680019E-12 0 0 0 0 0 0 0 0 0 3.690032573382591E-12 1.139280868047176E-12 0 0 0 0 0 0 0 0 0 0 0 0 0 0 2.120075956880451E-12 0 0 0 2.4073812498764606E-12 2.3086986135776524E-12 0 0 0 0 4.781020689964607E-12 0 0 0 0 0 0 0 0 0 0 0 3.046855825287287E-12 0 0 0 0 0 0 0 0 4.007274741780999E-12 0 0 0 0 0 0 0 0 0 0 0 0 0 0 0 0 0 2.0002108351837845E-12 0 3.340290767116604E-9 0 0 0 0 0 0 0 6.564834272460994E-12 0 2.3354291152763366E-12 0 0 0 0 0 0 0 3.5644504912085735E-12 0 0 0 0 0 0 0 0 0 0 0 0 0 0 0 0 0 0 0 0 0 0 0 0 0 0 0 0 0 0 0 0 0 0 0 3.5780483076967233E-12 0 0 0 0 0 0 8.196200321172612E-12 0 0 0 0 0 0 0 0 0 0 0 0 0 0 0 0 0 0 0 0 1.6294058989963543E-11 0 0 0 0 0 1.1420567532442353E-12 5.468132986051729E-12 0 2.851315278243731E-12 0 0 0 
0 0 0 0 0 0 0 0 0 0 0 0 0 0 0 0 0 0 0 0 0 0 0 0 0 0 0 0 0 0 0 0 0 0 0 0 0 0 0 0 0 0 0 0 0 0 0 0 0 0 0 0 0 0 0 0 0 0 0 0 0 0 0 0 0 0 0 0 0 0 0 0 0 0 0 0 0 0 0 0 0 0 0 0 0 0 0 0 0 0 0 0 0 0 0 0 0 0 0 0 0 0 0 0 0 0 0 0 0 0 0 0 0 0 0 0 0 0 0 0 0 0 0 0 0 0 0 0 0 0 0 0 0 0 0 0 0 0 0 0 0 0 0 0 0 0 0 0 0 0 0 0 0 0 0 0 0 0 0 0 0 0 0 0 0 0 0 0 0 0 0 0 0 0 0 0 0 0 0 0 0 0 0 0 0 
0 0 0 0 0 0 0 0 0 0 0 0 0 0 0 0 0 0 0 0 0 0 0 0 0 0 0 0 0 0 0 0 0 0 0 0 0 0 0 0 0 0 0 0 0 0 0 0 0 0 0 0 0 0 0 0 0 0 0 0 0 0 0 0 0 0 0 0 0 0 0 0 0 0 0 0 0 0 0 0 0 0 0 0 0 0 0 0 0 0 0 0 0 0 0 0 0 0 0 0 0 0 0 0 0 0 0 0 0 0 0 0 0 0 0 0 0 0 0 0 0 0 0 0 0 0 0 0 0 0 0 0 0 0 0 0 0 0 0 0 0 0 0 0 0 0 0 0 0 0 0 0 0 0 0 0 0 0 0 0 0 0 0 0 0 0 0 0 0 0 0 0 0 0 0 0 0 0 0 0 0 0 0 0 0 
5.934934661450113E-7 5.157153383461396E-8 7.539316555194768E-7 2.6166823994182577E-6 3.495581745795186E-11 5.992898788130198E-10 2.385782534377156E-12 0 5.927725184170164E-7 0 5.002088847680019E-12 0 0 0 4.07792802155436E-7 5.651624315167323E-8 3.741328499905954E-10 0 0 0 0 3.426284620347907E-7 1.90817574670574E-7 2.0836365444718603E-6 4.554034696850675E-9 1.0907965591641739E-9 0 9.9734176219654E-7 2.4824129306084016E-9 1.9434130932814032E-10 1.5800093188719704E-10 0 3.567248002088691E-10 1.6240876996087755E-11 1.8721237897328646E-9 0 1.651702025310692E-10 1.762826130026471E-8 8.487588067630041E-11 2.8446641355987753E-9 1.2423878596588597E-10 8.945630756843654E-10 0 3.433976514980615E-6 2.07492649327541E-9 1.887547357969498E-9 0 6.027009579060309E-11 0 1.133783383601333E-8 0 0 1.7797659542085174E-9 0 3.570050629312867E-9 1.9666108168539356E-9 0 4.724477984584137E-10 9.644974999357807E-11 0 9.085274597290658E-10 1.241753810110673E-8 7.715394237707676E-10 1.7168654522867818E-11 0 0 9.801992863424314E-7 0 0 0 2.5329396113402376E-6 2.7456410905552005E-9 2.385267230218595E-9 0 0 0 0 0 1.0756039877751032E-10 1.5462401705685448E-9 2.771374035125628E-8 0 0 1.9966374288802264E-6 2.2120376549392158E-10 5.208641760699198E-9 0 3.62792955323658E-10 1.2399270006345392E-4 4.465925395045655E-9 5.338650171258436E-7 0 1.7675465686230134E-12 0 8.119536467080068E-9 6.322045028390864E-7 3.950796227934864E-10 0 0 6.281235982964971E-6 4.981094092789035E-4 3.961268898269491E-7 4.051125987936305E-9 0 4.745909521159023E-9 0 6.530995898575302E-11 0 1.5536752475205328E-8 8.584305346103499E-7 1.1162103406051083E-9 0 0 1.2184167286073372E-10 1.0966081075670222E-6 0 1.8701456766615152E-10 0 0 9.703176654019971E-11 3.5671860333802124E-11 3.1915921968691107E-11 1.0226782507622146E-9 6.362868292232848E-7 8.437500193296139E-11 0 9.201613550636621E-10 0 6.050831012353186E-9 0 1.102953638244435E-9 0 0 3.281348666235606E-7 7.292347779982799E-7 2.10506763896553E-6 0 8.643803368228257E-10 0 6.362821268645579E-9 1.3126006481176657E-9 6.761528584621209E-10 0 1.5860890091150555E-9 5.010849301563738E-10 0 1.4609076817690534E-9 7.090516527036391E-10 2.7609235258323016E-9 0 3.7164131296922153E-9 3.7652024748668157E-6 2.914669068235635E-11 0 6.595363594918429E-11 3.3456181301222136E-11 8.922124795217697E-10 2.669697210885417E-10 4.466302234884198E-11 1.605181728994232E-10 4.22451701458288E-7 0 1.5929140617570055E-10 0 0 0 0 0 1.8010586899826636E-10 5.827951086609331E-9 2.53851805453699E-7 1.7931521753074673E-6 2.10044111786495E-8 0 0 0 2.876314519576415E-9 2.1947035925841316E-10 1.7845526823975339E-6 1.4099767751665494E-9 1.2714685956739424E-11 1.4541780108101907E-6 4.7761979976979186E-11 0 0 
9.752212384973726E-8 4.9066343624345786E-12 3.396496063161983E-7 1.2016345716636761E-9 2.7044964602865968E-12 4.9411864893484803E-11 0 0 6.709941729150252E-10 0 0 0 0 4.07792802155436E-7 0 2.278135658781342E-10 1.816654480409027E-11 0 0 0 0 6.532638753837445E-8 3.135756812734618E-11 7.507019594484147E-7 1.5655531939696552E-7 1.9037507395385486E-6 0 8.173016660147104E-10 1.3606099602275062E-7 3.739551222902326E-8 4.2976265009824985E-11 0 5.339154373329959E-11 1.7649421068154817E-11 1.9406645206993605E-7 0 1.157527920743514E-10 5.053449185948641E-7 1.8706745006759957E-10 2.7030322079704336E-6 0 6.269147442971595E-11 0 5.317222620015202E-7 6.190664848670455E-10 7.455642073930628E-8 0 1.4106667797439549E-11 0 1.1922578602080234E-7 0 0 3.330868305976988E-10 0 9.152980214872735E-8 1.1339677965652486E-9 0 1.1303972845685718E-10 8.400437625008672E-12 0 1.0650625552191384E-7 6.312441729048599E-7 2.4664383825346E-10 1.580089831015317E-11 0 0 3.1104721932237893E-7 0 0 0 5.003724202638743E-7 2.941064628478334E-10 2.0837830513193513E-7 0 0 0 0 0 6.071893782483833E-8 5.768544792194548E-4 2.9016573114613347E-6 0 0 6.466974559591036E-7 8.943016604756955E-11 5.500639789451083E-10 0 3.0958006514265885E-11 3.4156762119419304E-9 8.631408864450255E-8 9.246082037811505E-8 0 0 0 9.579583680988794E-11 5.1719620226959E-10 3.4407965163568314E-8 0 7.189541624325039E-7 1.8857850986852257E-7 4.172024878948246E-7 1.492364791450777E-7 7.486227496370906E-8 0 8.074965376282021E-8 1.8091675731895293E-12 1.2321571347914185E-11 0 3.437513243890788E-7 2.7857680214831525E-9 2.1021525453294912E-10 0 0 0 8.250163032094331E-7 0 9.160061280363629E-11 0 0 2.5656499012926216E-11 1.6975377863386466E-8 1.0296878816167725E-11 1.4664255192366284E-7 1.0509590090239891E-7 3.0056526735869627E-11 0 2.7018978426899945E-10 0 1.4281358776483833E-9 0 5.180112587205837E-11 0 0 1.3392386609508838E-10 7.293468600663721E-8 6.442610510366639E-10 0 3.1018324409250143E-10 0 2.981721895497939E-7 5.4573626846161427E-11 1.0515769387983226E-4 0 3.4086016924391343E-7 8.086194317201264E-11 0 7.049651780458627E-8 2.3511182502271535E-10 2.2314588200178332E-7 0 1.2976564071877382E-11 5.390787519880451E-9 1.1765517484075307E-8 0 7.056720308902264E-8 5.850411021885692E-12 1.7044803481171996E-8 3.39970959176306E-11 3.558135801448966E-11 1.104271126808177E-11 1.6711847777195476E-10 0 8.310150851132344E-12 0 0 0 0 0 2.5856740376144423E-12 1.1043237577531631E-7 5.744393236097165E-11 2.9829453680047657E-7 5.15295671521335E-7 0 0 0 2.0148330527988502E-7 3.368780256302796E-11 1.1052939265961568E-6 1.493062273554611E-7 1.8512131707553012E-12 1.0858978086095486E-9 9.101253743496353E-12 0 0 
5.464767677125268E-10 8.637382488402461E-12 9.742801692205481E-10 2.951998301773306E-9 8.940436682344916E-11 2.056788775593735E-11 2.1880415046371718E-12 0 6.099298970890577E-10 0 0 0 0 5.651624315167323E-8 2.278135658781342E-10 0 2.324909333347725E-10 0 0 0 0 2.42098268180542E-9 4.3379470509730465E-10 2.7501347921008555E-9 9.945895652247003E-10 6.060629378219516E-10 0 2.9980731212572124E-9 1.1629784715880301E-8 1.6034097078639858E-10 1.6544289454510136E-11 0 1.5810280985467523E-10 8.639233493613759E-12 3.542117938060667E-10 0 3.343710119599242E-11 9.869967587092756E-6 8.972287831145314E-11 2.72004758364861E-9 9.47781441570927E-12 9.163292915077019E-11 0 5.399834408359313E-9 2.1547516152534606E-10 3.482580034177156E-10 0 1.0771125335068978E-10 0 5.340543314023622E-9 0 0 1.9596601329423036E-10 0 2.1702791929462777E-10 3.4457463850174267E-10 0 4.012905232865915E-11 4.0194782782609627E-11 0 1.1187773022091551E-10 1.3093221892253842E-8 8.840276112764887E-11 3.139806868023425E-12 0 0 3.5903840612795763E-8 0 0 0 2.924376656140106E-8 7.458679370935266E-10 3.6397715534652763E-10 0 0 0 0 0 5.409934923746807E-10 9.173189861356975E-11 9.834775064365548E-9 0 0 1.0326139672366857E-5 2.4275110054266073E-11 1.2007049262987552E-9 0 9.390618789157833E-10 2.152165258887514E-9 2.4116023333785747E-8 9.239290713665195E-10 0 6.2464084052632256E-12 0 3.385046324566502E-11 9.6091519690044E-10 1.327016381786714E-10 0 6.0901190260145E-8 1.1824017688117123E-8 4.158810127177354E-8 2.5780434958474274E-9 5.538567508502686E-10 0 9.098251647346828E-10 0 2.5783676602783592E-11 0 5.9912577854448E-9 5.647572824700467E-9 5.787164523471386E-11 0 0 8.70368533658533E-12 2.2345503059962552E-8 0 2.7602616048663586E-11 0 0 5.236196863997509E-9 1.8203859656749987E-11 1.8300254518628804E-12 3.7410756141223946E-10 9.657344339359626E-10 3.453284252686867E-11 0 5.045040332595036E-11 0 1.0185736412611948E-9 0 4.2173019239103683E-11 0 0 1.7804370908265566E-10 8.479409430866016E-6 3.501423642237092E-9 0 4.5067080223022905E-9 0 4.384618248848705E-10 3.976064830853022E-9 2.504916166162165E-10 0 6.062296075676098E-10 2.2778186277048533E-8 0 2.6902182530812853E-10 5.522697610270505E-10 1.1722177115458341E-9 0 2.4036551892091305E-11 4.304316678977463E-8 9.439537686160006E-12 0 3.886819056513986E-11 1.1657897813280066E-11 7.410922973059885E-11 2.632798481086814E-9 6.873375345598931E-12 5.120404233456309E-11 4.320614853263343E-10 0 2.178311557794497E-11 0 0 0 0 0 1.3190654881506026E-10 3.6366035319724236E-9 5.538353326324349E-10 3.690605031430781E-9 1.3914985553511515E-9 0 0 0 1.4887243267904084E-10 1.3890557939189013E-10 1.6510548791845185E-5 1.2020167671865383E-9 8.690327268201109E-12 4.036518698310855E-9 8.523750483202718E-11 0 0 
5.1237949723519955E-11 0 1.9019802099574024E-10 1.329150121117929E-10 0 0 1.3490296872807919E-11 0 2.474082450284709E-10 0 0 0 0 3.741328499905954E-10 1.816654480409027E-11 2.324909333347725E-10 0 0 0 0 0 5.337974281704218E-11 5.371313016556203E-12 3.9175853156354203E-10 1.4014787301404608E-10 4.3191651352289854E-12 0 8.095940807147858E-11 2.309449416364418E-10 2.2722595072990607E-11 2.0868502836597326E-8 0 2.196024233438726E-11 0 5.878274161088857E-11 0 1.2199893122328444E-11 4.145945843944752E-10 0 4.8911655643232086E-11 0 3.539085329962481E-10 0 1.072489917980322E-9 8.2005513461703E-11 2.8086280457184077E-11 0 1.5083723714626035E-11 0 4.491230198799413E-8 0 0 5.198801317210788E-11 0 3.7571020728166176E-11 3.133915451904904E-10 0 1.6538186230539987E-10 1.2075144599049053E-12 0 2.233770105616122E-11 4.1891826567052425E-10 3.372317083442037E-12 0 0 0 2.7587120863108605E-10 0 0 0 1.6559465867891682E-10 3.903728017192684E-11 8.51742334057739E-11 0 0 0 0 0 5.38945991239325E-12 2.6624250245420076E-11 7.05624561327442E-10 0 0 5.267934096317091E-10 1.1977281872157721E-11 5.537855452063657E-11 0 1.7329999709905268E-11 2.907185691264759E-10 7.79361143622987E-11 1.8725826388237098E-10 0 0 0 1.3825137342371215E-12 1.0283325466091618E-10 1.6785983503247184E-11 0 1.446023478821632E-7 1.3426641528049532E-7 4.8175151966358043E-8 5.908889562910634E-11 7.204599636774128E-11 0 8.50529803660424E-11 0 0 0 4.536793825335911E-8 1.7023455187756732E-10 8.419238030298008E-11 0 0 0 4.5640957313189365E-10 0 0 0 0 5.172965437084997E-12 1.8275307148237834E-12 4.8767799324078266E-12 1.7372777191081595E-11 1.7259999990055384E-10 0 0 3.0293398586239686E-11 0 1.7824257771262864E-10 0 5.88737696744356E-11 0 0 7.733241959399972E-12 2.0325043021115152E-11 2.027862723579035E-10 0 6.66528725147593E-11 0 4.1125616027716574E-11 5.64851946526335E-12 3.1122844031644245E-11 0 9.061850435205952E-11 1.2948638928049592E-11 0 1.090090813454658E-10 8.275989837667857E-11 1.35078200222047E-10 0 9.542220588176884E-12 4.850621017539913E-10 8.794289550938613E-12 0 4.738021134418305E-12 9.45382953671763E-12 6.776442624867542E-12 1.3022894705100995E-11 3.4699253884256847E-12 1.8430719956940513E-6 2.5113188833413418E-11 0 0 0 0 0 0 0 1.2685180140911611E-11 4.973546027603653E-8 3.0975485249758336E-11 4.2262298621132514E-10 2.0215928068846318E-7 0 0 0 3.8659295344113635E-11 1.2363176996390754E-11 8.149959966531019E-10 2.7922566151753906E-11 0 6.843302516092954E-11 1.1770860610681617E-11 0 0 
0 0 0 0 0 0 0 0 0 0 0 0 0 0 0 0 0 0 0 0 0 0 0 0 0 0 0 0 0 0 0 0 0 0 0 0 0 0 0 0 0 0 0 0 0 0 0 0 0 0 0 0 0 0 0 0 0 0 0 0 0 0 0 0 0 0 0 0 0 0 0 0 0 0 0 0 0 0 0 0 0 0 0 0 0 0 0 0 0 0 0 0 0 0 0 0 0 0 0 0 0 0 0 0 0 0 0 0 0 0 0 0 0 0 0 0 0 0 0 0 0 0 0 0 0 0 0 0 0 0 0 0 0 0 0 0 0 0 0 0 0 0 0 0 0 0 0 0 0 0 0 0 0 0 0 0 0 0 0 0 0 0 0 0 0 0 0 0 0 0 0 0 0 0 0 0 0 0 0 0 0 0 0 0 0 
0 0 0 0 0 0 0 0 0 0 0 0 0 0 0 0 0 0 0 0 0 0 0 0 0 0 0 0 0 0 0 0 0 0 0 0 0 0 0 0 0 0 0 0 0 0 0 0 0 0 0 0 0 0 0 0 0 0 0 0 0 0 0 0 0 0 0 0 0 0 0 0 0 0 0 0 0 0 0 0 0 0 0 0 0 0 0 0 0 0 0 0 0 0 0 0 0 0 0 0 0 0 0 0 0 0 0 0 0 0 0 0 0 0 0 0 0 0 0 0 0 0 0 0 0 0 0 0 0 0 0 0 0 0 0 0 0 0 0 0 0 0 0 0 0 0 0 0 0 0 0 0 0 0 0 0 0 0 0 0 0 0 0 0 0 0 0 0 0 0 0 0 0 0 0 0 0 0 0 0 0 0 0 0 0 
0 0 0 0 0 0 0 0 0 0 0 0 0 0 0 0 0 0 0 0 0 0 0 0 0 0 0 0 0 0 0 0 0 0 0 0 0 0 0 0 0 0 0 0 0 0 0 0 0 0 0 0 0 0 0 0 0 0 0 0 0 0 0 0 0 0 0 0 0 0 0 0 0 0 0 0 0 0 0 0 0 0 0 0 0 0 0 0 0 0 0 0 0 0 0 0 0 0 0 0 0 0 0 0 0 0 0 0 0 0 0 0 0 0 0 0 0 0 0 0 0 0 0 0 0 0 0 0 0 0 0 0 0 0 0 0 0 0 0 0 0 0 0 0 0 0 0 0 0 0 0 0 0 0 0 0 0 0 0 0 0 0 0 0 0 0 0 0 0 0 0 0 0 0 0 0 0 0 0 0 0 0 0 0 0 
0 0 0 0 0 0 0 0 0 0 0 0 0 0 0 0 0 0 0 0 0 0 0 0 0 0 0 0 0 0 0 0 0 0 0 0 0 0 0 0 0 0 0 0 0 0 0 0 0 0 0 0 0 0 0 0 0 0 0 0 0 0 0 0 0 0 0 0 0 0 0 0 0 0 0 0 0 0 0 0 0 0 0 0 0 0 0 0 0 0 0 0 0 0 0 0 0 0 0 0 0 0 0 0 0 0 0 0 0 0 0 0 0 0 0 0 0 0 0 0 0 0 0 0 0 0 0 0 0 0 0 0 0 0 0 0 0 0 0 0 0 0 0 0 0 0 0 0 0 0 0 0 0 0 0 0 0 0 0 0 0 0 0 0 0 0 0 0 0 0 0 0 0 0 0 0 0 0 0 0 0 0 0 0 0 
1.6442326092916595E-7 5.8803200954407434E-12 1.8739670067811593E-7 8.98764465468965E-8 2.8197826891061082E-11 9.17948891626888E-11 0 0 9.653156183927242E-10 0 0 0 0 3.426284620347907E-7 6.532638753837445E-8 2.42098268180542E-9 5.337974281704218E-11 0 0 0 0 0 1.0654564417557647E-10 7.290739327929848E-7 1.3638419884921368E-7 3.485424235473814E-7 0 1.502626045205964E-7 3.6662201717332734E-7 8.715844688160012E-11 4.229218959100993E-11 0 4.2202301601954115E-11 2.3015124279913073E-8 1.1543250215575347E-7 0 3.519441772710279E-11 5.570518337492918E-7 1.2417648639824387E-11 1.524802988622946E-7 9.45698036330162E-12 1.1515841573636846E-7 0 1.730935749509462E-6 4.041721568304294E-10 4.2249487246899975E-10 0 1.6661407475652002E-11 0 1.930870369546502E-7 0 0 2.991845047097446E-10 1.440231781602934E-12 7.750564819203517E-8 7.384637542687274E-10 0 7.830475636731381E-11 1.3736964040750713E-11 0 9.669322410677317E-8 1.9286681831012857E-9 1.303696628967407E-10 3.8024126878681555E-11 0 0 1.3049001830623736E-7 0 0 0 1.779217607137041E-9 1.8674612205428802E-10 2.45344238441656E-7 0 0 0 0 0 7.40598621383895E-11 1.5423171115241716E-7 1.2623449463989914E-6 0 0 5.42859229603249E-7 2.6996391977429786E-8 9.772421943797414E-11 0 6.335522076726181E-7 7.864511843617114E-7 7.371205376448028E-8 2.6736568318737905E-10 0 0 0 3.930415958826923E-11 5.101636243318852E-10 1.565912614242076E-10 0 5.683585383320102E-7 1.509674176061876E-7 3.328415254346635E-7 1.3279422241228744E-7 2.61185867409537E-7 0 0 0 2.414041034790587E-11 0 5.661738931041788E-7 1.0228173474453165E-7 1.0084056065624049E-10 0 0 2.688919167961026E-11 6.790768091155071E-7 0 9.699925675106933E-11 0 0 4.6198737132064947E-10 1.6016031617683215E-11 5.972081378001535E-12 5.598375716129728E-10 8.788653627896184E-8 2.8659685461462625E-11 0 1.078181920253568E-7 0 1.276515018666699E-9 0 5.1141225915580015E-11 0 1.5141395854214993E-12 5.628318584809133E-8 2.951210983045677E-10 9.587227950715672E-10 0 1.5413048840838866E-7 0 1.3070469366749624E-7 8.01361043264557E-11 3.845088122568886E-8 0 6.70389790306629E-10 1.136592864356293E-10 0 1.2437957949412447E-7 7.682387955147864E-8 1.3073982727390446E-7 0 2.7744542813913228E-11 2.2701841526043353E-9 4.425475595684618E-11 0 3.506872828297139E-11 5.5739711597732696E-12 4.175758228404152E-11 4.7436884569308276E-11 1.3592485008122747E-11 4.012175070206533E-12 1.683907692142427E-10 0 1.9490745019245426E-11 0 0 0 0 0 4.6737159881002755E-12 1.8844478144001958E-7 1.3853829138396305E-10 9.9838937634253E-7 1.9863859904576872E-9 0 0 0 2.157552458771244E-10 2.0054664741160797E-11 6.891007524669099E-7 3.376412747716814E-10 6.0614192210767664E-9 9.363059501765856E-8 0 0 0 
1.1468188291209914E-10 0 4.9158965656972746E-8 9.790159945405277E-8 1.9486646746470635E-12 2.2660650883119383E-11 1.0530631886831524E-12 0 2.3224430355611658E-10 0 0 0 0 1.90817574670574E-7 3.135756812734618E-11 4.3379470509730465E-10 5.371313016556203E-12 0 0 0 0 1.0654564417557647E-10 0 5.644405114434013E-10 3.290646697597173E-11 5.444742923969571E-12 0 2.5368131896396087E-10 2.3039448619291882E-10 1.5365728173335588E-11 1.8739667299686834E-12 0 1.3897888257539203E-11 2.0785606811666275E-11 3.5703803446074615E-11 0 0 4.6346494677260584E-10 4.484525650566321E-12 7.421344006723563E-11 2.696541307820603E-11 1.4869094288797627E-12 0 9.579834551842469E-10 2.1280087785251378E-11 2.0232158873488044E-11 0 2.5497758028969837E-12 0 4.9704842291990346E-8 0 0 4.556424605123692E-11 0 6.928803875201095E-11 7.404224473690985E-11 0 2.261930066013397E-12 2.1329895441422857E-12 0 1.6557357230687032E-11 5.28452807497278E-10 3.56535943536434E-8 1.1700510738399937E-11 0 0 2.126381032160327E-10 0 0 0 1.5605578406251023E-7 4.757687295190015E-8 3.85381562593305E-8 0 0 0 0 0 1.1962755790051579E-11 2.3971999154237557E-11 1.1116045628555106E-9 0 0 1.4910564379370647E-7 1.2199552202557617E-11 1.4189338904993926E-11 0 4.251058676238374E-11 4.232657251851307E-7 1.6489897865572322E-10 5.642576462465778E-11 0 0 0 1.6296095901623958E-12 7.678334022220961E-11 3.199603303372221E-12 0 3.259311970338489E-7 4.795776745712354E-10 3.766787628877093E-7 4.6802911566551365E-11 1.310414802306656E-10 0 6.118880824151113E-11 0 0 0 5.0116308025375674E-8 5.162607117063126E-8 4.058579939136163E-12 0 0 0 5.339966951364482E-10 0 2.052781481825736E-12 0 0 7.279008740128586E-12 3.317714381281659E-12 0 3.951448658906042E-8 2.944988360686331E-10 4.71545681775479E-12 0 1.1612762110951815E-10 0 1.0582607323211573E-10 0 2.4159002669234154E-11 0 0 1.8112436965962467E-7 1.343419333095544E-11 1.6656662816201333E-7 0 1.7934939115658103E-11 0 1.3324821996680738E-11 2.867565592208468E-8 4.531870689881209E-12 0 8.307527352988606E-11 4.479156361790941E-12 0 5.374272712167836E-11 9.26194223226769E-12 2.1624819822145705E-11 0 1.0641363549267797E-12 2.4485227313431916E-7 0 0 3.1439459234678517E-12 0 1.8989999997938235E-12 5.5955392325085775E-12 0 0 5.314852315674509E-11 0 1.2798705514927338E-12 0 0 0 0 0 0 2.1065280478459325E-10 1.2948018328312256E-11 1.393824278178466E-7 7.473671713336034E-8 0 0 0 2.7855068440479865E-11 0 5.938905387887946E-10 4.0339834154518956E-8 0 8.315393309075767E-11 0 0 0 
